0.00 5903.14 1478.51 6748.76 4523.83 3914.09 3767.74 5072.08 2953.58 4541.33 6904.49 1178.60 3255.40 3752.90 4704.64 6110.45 6817.47 2374.80 5546.30 3278.66 4531.84 1822.19 5662.79 4779.46 4021.04 5745.97 6083.19 2924.90 3932.67 3531.83 5176.20 3021.70 2393.62 6546.18 6503.31 3225.14 3053.30 2581.57 3904.86 5074.88 5949.26 6905.24 1692.79 2635.78 1845.54 3533.88 6109.55 6778.33 3983.40 2212.67 7329.56 2877.74 4984.42 4242.64 2090.78 5615.61 7268.98 4511.05 2553.80 3771.21 1857.22 2094.91 1607.18 4912.37 7880.78 7258.46 7130.39 1511.62 6966.60 5715.79 2529.04 3885.61 4958.95 4751.75 6737.65 5453.61 7229.48 7347.65 4361.17 2857.42 3293.67 1950.60 2887.50 4441.41 543.66 5821.53 4170.27 3649.13 6068.65 3025.91 3875.92 6252.11 5521.08 4529.54 3418.32 2313.04 6978.77 4609.14 5071.96 3916.46 5172.80 7125.59 2377.12 5413.08 4263.72 2281.00 2116.60 2674.21 5550.14 5386.68 3923.23 6406.34 1675.80 4840.61 5024.56 3693.20 2430.57 653.33 2779.38 2901.62 
5903.14 0.00 7303.52 3617.02 6348.38 2363.01 6778.95 4522.08 5771.91 6483.07 1074.26 7074.42 6738.13 9655.61 3036.13 299.42 943.52 4207.97 4211.78 4461.75 10414.04 7711.76 5288.18 1799.75 1982.74 302.57 1330.30 7204.15 2177.04 2518.39 1984.82 6159.75 8068.42 2637.64 1451.67 8126.36 3552.27 8462.34 2255.76 4339.50 2957.38 3765.50 5237.80 8530.38 4591.73 8769.50 1080.04 5898.66 2168.90 6994.63 1433.73 5793.45 1784.79 6137.06 5356.71 5822.48 1605.03 2948.89 8346.59 9600.34 7693.29 4605.61 7446.55 1067.22 1983.64 1379.56 1266.64 4661.75 8033.37 6489.35 5972.03 7070.44 3617.09 7108.41 5056.27 4508.08 7188.91 1944.67 5119.46 5120.31 8399.79 4076.16 8784.90 10191.45 6445.43 1285.28 1746.14 4787.52 1949.81 8296.00 4794.86 1566.08 5033.68 6131.88 2539.31 3825.61 6007.69 6818.21 4203.85 4372.94 6532.95 6606.72 3851.74 3310.10 1769.59 6247.52 3887.00 8222.08 3636.08 537.36 1981.53 770.35 6746.07 6380.25 8428.65 6096.78 3506.14 5994.84 3881.72 3012.31 
1478.51 7303.52 0.00 7724.91 5544.47 5387.41 3625.12 6424.24 4035.59 4617.27 8273.68 703.37 3059.58 2413.96 6166.69 7524.99 8230.99 3823.08 6938.23 4640.35 3113.95 888.12 6205.99 6037.26 5369.43 7126.83 7361.26 3426.63 5246.24 4993.73 6654.23 3983.61 1852.40 7668.93 7783.44 2207.68 4163.46 1174.40 5371.92 5820.51 6995.59 7867.25 2434.30 1271.60 2900.24 2264.18 7567.09 7283.33 5286.81 1658.07 8716.80 3129.51 6459.14 4413.15 3318.75 6817.88 8599.71 5576.54 1736.74 2307.56 1158.42 3507.83 1040.54 6282.55 9286.91 8672.33 8505.36 2696.13 6926.69 5934.46 3536.52 3629.90 6388.90 4626.73 7430.76 6816.29 7470.44 8634.35 5617.51 4110.19 2132.23 3248.10 1528.41 2963.20 1013.06 7102.04 5558.50 4952.47 7269.61 1799.86 5177.43 7507.21 6828.12 5600.38 4865.13 3558.00 7481.91 4570.96 6456.03 5277.53 6209.52 7501.33 3581.44 6385.18 5712.81 2285.59 3589.30 1302.41 6461.29 6777.11 5324.08 7759.26 1238.81 5880.98 4434.33 3835.75 3883.36 1773.05 4236.18 4335.26 
6748.76 3617.02 7724.91 0.00 9103.39 5024.37 5441.57 7727.55 8046.98 4629.81 3405.68 7830.13 5708.72 10093.86 6236.69 3852.53 4018.46 6259.79 7576.89 7014.19 10637.79 8442.34 2598.61 2596.94 3539.86 3356.59 2293.54 9098.57 3400.85 4812.49 5378.47 8387.97 9140.62 1017.65 2325.81 7517.26 3705.41 8851.43 4841.30 2163.40 886.19 176.04 5291.40 8975.81 4915.55 8281.53 4696.13 2646.48 3319.76 6659.38 3814.48 4964.40 5086.39 4436.19 7308.41 9003.90 3073.09 2258.48 9260.94 9723.72 8558.40 6548.93 8316.70 3347.31 4370.71 4194.40 3562.61 5238.32 5186.42 3928.50 8031.17 5711.69 6873.59 5234.86 1670.09 7819.22 4010.75 2636.25 8026.39 7442.44 7881.14 4896.55 9225.33 10096.38 7232.88 2345.32 3758.50 7472.71 1668.36 7934.35 7567.37 2082.87 8300.30 8931.09 4624.78 4508.86 2685.13 4974.63 7442.91 7199.83 9462.99 3343.64 4411.47 1342.81 4429.11 5770.76 5513.98 8131.67 1291.57 3484.02 3966.99 3079.60 6695.53 9234.52 6760.07 4742.93 5119.00 7163.47 6136.44 4715.00 
4523.83 6348.38 5544.47 9103.39 0.00 4152.46 8162.84 2203.86 1571.05 8738.84 7366.46 4856.10 7701.96 6687.67 3385.18 6353.52 6888.15 3029.34 2838.41 2094.37 7579.46 5115.79 9171.02 6516.77 5563.56 6410.88 7343.29 2496.85 5713.60 4294.44 4474.95 1560.96 4598.59 8424.44 7653.48 7668.48 5984.60 6094.03 4321.21 8295.47 8220.43 9279.41 5807.13 6024.67 5480.87 7808.32 5759.39 10230.65 5795.11 6732.41 7546.76 7117.82 4588.34 8384.54 2479.56 1580.10 7942.20 7063.70 5042.30 7224.39 4849.12 2918.12 4749.76 5939.63 7809.62 7227.00 7495.88 5105.50 11127.51 9676.90 2021.54 8325.37 2961.59 9083.24 9827.35 2507.15 11054.81 8287.69 1259.82 1869.45 7658.87 4943.91 6168.56 7997.53 4667.86 7134.48 5369.35 1633.29 7717.03 7339.21 1569.07 7595.58 2116.01 243.28 4479.51 5232.31 10415.48 8890.10 2494.97 1980.82 665.21 10761.98 5380.11 8022.71 4795.15 6726.10 3898.63 6834.97 8299.61 6084.41 5142.99 7110.56 6190.33 342.17 9536.67 7914.35 4189.44 3922.14 3017.33 4468.88 
3914.09 2363.01 5387.41 5024.37 4152.46 0.00 5939.70 2761.45 3416.14 6033.16 3436.40 5024.80 5709.14 7608.76 1398.08 2466.97 3135.05 1880.57 2768.83 2141.44 8425.84 5634.38 5652.35 2431.64 1557.75 2346.88 3198.76 4844.92 1783.58 484.75 1300.29 3802.28 5855.53 4283.35 3529.20 6677.17 2738.72 6486.55 186.96 4674.00 4158.76 5198.96 3821.03 6527.32 3175.37 7201.22 2238.56 6577.43 1858.17 5509.57 3745.84 4813.47 1072.91 5650.91 3010.76 3999.51 3954.26 3232.95 6174.75 7685.16 5565.16 2285.75 5328.69 1787.79 4189.92 3555.35 3616.96 3053.96 8109.40 6530.13 3609.94 6200.73 2005.10 6572.53 5984.67 2930.82 7646.15 4228.00 3011.98 2763.77 6876.58 2488.86 6771.88 8348.53 4430.27 2983.80 1271.50 2529.61 3568.23 6695.93 2586.28 3448.31 3352.89 3959.23 738.17 2448.33 6738.85 6305.82 2513.02 2194.02 4454.62 7208.40 2556.71 4095.55 646.83 4956.34 1798.17 6486.33 4409.09 1989.88 1104.77 3073.28 5130.30 4245.74 7598.64 5391.25 1543.55 3851.17 1526.14 1224.38 
3767.74 6778.95 3625.12 5441.57 8162.84 5939.70 0.00 8151.51 6609.53 1084.16 7422.97 4156.52 565.54 5449.21 7229.50 7070.39 7680.50 5406.82 8443.01 6499.50 5722.09 4512.99 3152.48 5019.98 4941.31 6503.18 6172.36 6666.24 4689.25 5455.56 7158.90 6741.42 5473.06 5839.22 6541.70 2281.85 3319.44 4375.21 5814.62 3278.56 5025.37 5527.70 2385.89 4538.67 2880.79 3041.84 7513.41 4050.53 4671.77 1981.58 7929.26 1138.17 6855.67 1063.18 5684.87 9005.14 7499.64 3994.02 5347.93 4817.58 4776.27 5345.07 4621.70 5748.53 8574.38 8076.63 7663.10 3171.11 3304.15 2436.03 6246.72 294.32 7713.83 1009.94 4514.57 8470.35 3930.49 7317.68 7722.86 6343.94 2666.02 3572.93 4729.78 4971.85 3883.08 5966.15 5296.21 6973.03 5779.69 2844.60 7183.83 6196.71 8699.43 8126.61 5204.99 3506.39 4232.13 953.93 8038.66 7068.66 8779.87 4085.04 3387.40 4310.95 5866.03 1489.64 4639.42 3274.13 4201.25 6271.29 5200.33 6880.22 2406.23 8454.25 1674.86 722.82 4601.33 4420.99 5665.41 4737.22 
5072.08 4522.08 6424.24 7727.55 2203.86 2761.45 8151.51 0.00 2699.60 8468.60 5451.77 5829.66 7798.28 8115.69 1509.30 4461.24 4900.21 2797.39 656.34 1793.76 9009.20 6277.05 8368.26 5163.60 4319.20 4652.46 5691.93 4222.01 4540.62 3112.84 2541.62 2992.65 6051.11 6906.65 5933.73 8273.02 5291.96 7264.73 2948.13 7404.73 6882.11 7899.38 5797.11 7240.48 5272.97 8603.00 3752.74 9325.11 4616.72 7176.83 5554.66 7021.02 2749.00 8088.85 3130.03 1302.66 6049.39 5988.77 6472.92 8478.85 6078.90 2989.20 5907.19 4391.06 5739.17 5192.67 5545.51 4989.71 10699.27 9145.73 3194.01 8373.18 905.68 8935.60 8746.08 401.50 10349.88 6452.30 1059.41 2358.15 8364.10 4594.50 7436.67 9232.41 5422.45 5525.27 4019.68 1497.16 6173.74 8096.91 1285.81 5949.66 594.86 1960.65 3367.68 4742.23 9490.29 8695.09 326.47 1155.67 2133.86 9941.73 4883.65 6855.56 3305.51 6892.51 3512.09 7707.16 7170.37 4382.80 3866.21 5290.51 6681.19 2087.19 9719.14 7727.14 3593.57 4651.22 2490.33 3621.68 
2953.58 5771.91 4035.59 8046.98 1571.05 3416.14 6609.53 2699.60 0.00 7224.31 6840.81 3366.64 6139.60 5453.39 3204.68 5849.05 6477.06 1787.28 3327.82 1358.71 6350.75 3707.68 7813.11 5534.74 4567.69 5762.52 6551.67 1588.47 4661.42 3388.19 4171.18 389.72 3368.31 7486.62 6911.11 6118.79 4662.75 4702.07 3545.63 6990.91 7162.28 8221.79 4274.72 4654.90 4002.33 6295.97 5434.69 8900.38 4740.90 5163.93 7115.11 5584.61 4170.59 6878.65 931.99 2799.89 7369.39 5886.19 3798.82 5885.08 3472.92 1536.40 3334.31 5136.66 7492.38 6869.97 7009.78 3613.21 9631.73 8218.99 521.07 6765.07 3064.56 7544.02 8585.03 3097.10 9638.93 7639.14 1704.32 652.38 6126.10 3533.24 4828.73 6652.50 3119.83 6315.89 4460.47 1276.49 6821.89 5815.46 1442.57 6789.24 2950.53 1582.77 3502.30 3861.02 9091.32 7359.95 2856.06 1764.13 2220.17 9390.78 4003.97 6865.73 4046.16 5161.95 2587.36 5336.36 7113.93 5402.32 4203.52 6489.36 4622.94 1887.78 7966.29 6390.24 2948.39 2360.78 1960.34 3332.26 
4541.33 6483.07 4617.27 4629.81 8738.84 6033.16 1084.16 8468.60 7224.31 0.00 6993.34 5093.04 1609.20 6527.50 7393.38 6781.60 7334.17 5834.70 8684.96 6927.01 6805.55 5502.96 2170.44 4684.14 4816.20 6190.94 5693.88 7466.21 4548.49 5562.13 7161.15 7401.10 6445.28 5162.83 6026.41 3358.04 3297.99 5433.53 5884.88 2516.43 4345.35 4693.72 2956.71 5594.87 3275.27 4110.09 7328.19 2988.03 4513.04 3012.70 7499.70 1667.60 6841.81 382.91 6292.41 9430.77 6988.60 3559.26 6352.61 5901.73 5750.05 5843.80 5577.30 5515.55 8146.10 7700.99 7226.51 3636.22 2428.48 1354.68 6913.00 1251.29 7931.52 639.70 3528.00 8755.03 2868.03 6745.34 8164.18 6880.37 3741.41 3898.47 5793.44 6044.55 4744.29 5517.58 5190.49 7421.12 5222.30 3928.17 7618.62 5676.41 9040.38 8676.39 5298.39 3726.64 3164.50 354.08 8317.99 7448.48 9326.06 3000.89 3586.54 3644.82 5843.59 2364.01 5002.02 4353.76 3470.60 6011.10 5148.69 6465.87 3379.75 9009.27 2135.69 848.95 4875.24 5186.69 6030.98 4900.82 
6904.49 1074.26 8273.68 3405.68 7366.46 3436.40 7422.97 5451.77 6840.81 6993.34 0.00 8081.21 7448.63 10649.53 4008.07 1013.16 675.40 5280.32 5072.56 5522.04 11387.62 8722.21 5513.28 2427.16 2905.07 1163.20 1319.14 8278.41 3049.64 3585.29 2921.67 7229.22 9112.15 2391.33 1098.71 8948.26 4349.47 9441.13 3329.91 4647.72 2975.80 3520.29 6108.78 9516.54 5484.34 9622.04 1733.27 5937.25 3021.69 7845.06 507.46 6516.50 2778.27 6674.22 6430.20 6738.28 603.07 3447.35 9379.26 10555.18 8716.90 5676.70 8468.58 1993.49 1154.51 793.02 242.67 5597.81 8276.51 6799.15 7045.96 7717.23 4549.01 7631.07 5011.85 5391.28 7282.86 1071.47 6123.40 6189.86 9241.99 5027.25 9772.64 11120.74 7448.10 1475.78 2735.85 5831.41 1904.16 9163.75 5826.89 1412.80 5927.30 7144.47 3590.94 4742.90 6014.30 7340.91 5127.34 5402.38 7514.76 6652.14 4749.11 3514.34 2841.85 7054.69 4931.22 9132.31 3803.44 1532.43 2990.15 546.90 7639.11 7379.99 9030.34 6715.72 4540.10 7030.06 4955.98 4040.20 
1178.60 7074.42 703.37 7830.13 4856.10 5024.80 4156.52 5829.66 3366.64 5093.04 8081.21 0.00 3595.86 2591.44 5683.13 7276.72 7983.41 3338.47 6367.87 4065.11 3402.38 644.09 6518.96 5948.36 5199.63 6921.62 7257.04 2728.71 5109.03 4668.62 6255.15 3295.51 1384.61 7682.30 7677.73 2906.37 4169.94 1485.07 5031.20 6038.73 7056.55 7981.07 2590.07 1507.25 2919.58 2955.33 7244.21 7618.64 5158.62 2249.55 8503.07 3515.54 6085.35 4853.80 2702.37 6160.74 8447.56 5620.09 1431.85 2709.72 732.44 2989.57 506.38 6089.86 9048.65 8423.86 8306.24 2635.40 7456.88 6372.99 2859.53 4194.53 5856.31 5166.18 7682.83 6226.21 7909.82 8523.33 4983.30 3488.59 2835.16 3118.28 1747.81 3432.51 636.11 6995.52 5346.02 4342.61 7226.78 2500.35 4564.81 7422.36 6208.39 4919.24 4572.01 3469.67 7818.93 5083.25 5882.08 4695.77 5521.30 7890.15 3521.60 6487.95 5412.38 2729.22 3243.24 1978.88 6598.44 6560.85 5096.80 7584.58 1755.78 5194.19 5087.63 4277.36 3584.41 1223.66 3758.88 4066.09 
3255.40 6738.13 3059.58 5708.72 7701.96 5709.14 565.54 7798.28 6139.60 1609.20 7448.63 3595.86 0.00 4922.69 6952.56 7022.99 7658.72 5023.72 8122.17 6107.35 5235.07 3947.45 3560.17 5024.35 4836.68 6473.96 6237.12 6133.17 4597.80 5224.83 6961.15 6254.19 4907.85 6020.27 6622.97 1849.19 3207.18 3825.87 5597.07 3555.06 5218.95 5808.02 2001.18 3987.99 2568.05 2621.35 7407.80 4516.85 4590.02 1418.47 7951.02 945.81 6668.65 1505.02 5222.65 8601.56 7570.08 4074.32 4783.07 4322.06 4211.11 4931.08 4058.04 5686.79 8591.18 8067.80 7690.70 2810.65 3868.87 2962.45 5759.04 630.25 7408.27 1571.47 4909.03 8130.04 4474.27 7424.47 7317.85 5906.54 2229.75 3271.24 4184.54 4526.71 3340.62 6016.93 5175.27 6569.01 5893.20 2366.24 6784.32 6284.46 8333.18 7675.93 4984.56 3260.84 4704.14 1515.84 7702.95 6693.70 8328.57 4597.76 3156.99 4509.00 5694.25 979.53 4296.46 2752.70 4437.88 6217.11 5053.26 6902.27 1842.96 8000.51 1923.18 1004.34 4301.88 3906.76 5308.03 4489.77 
3752.90 9655.61 2413.96 10093.86 6687.67 7608.76 5449.21 8115.69 5453.39 6527.50 10649.53 2591.44 4922.69 0.00 8180.96 9863.04 10570.01 5865.64 8707.81 6443.71 897.89 1974.95 8380.68 8447.17 7752.81 9494.23 9769.41 4201.49 7642.50 7259.51 8820.58 5242.76 2097.67 10075.56 10191.58 3297.97 6576.14 1247.95 7619.92 8115.23 9388.57 10230.42 4823.96 1143.31 5313.88 2722.76 9833.71 9405.16 7686.13 3583.45 11080.33 5295.40 8663.08 6414.38 5041.98 8184.18 10994.69 7979.31 1658.02 879.81 2082.69 5489.92 2299.20 8656.04 11633.66 11010.87 10877.64 5103.55 8579.33 7882.18 4938.53 5346.48 8281.46 6352.76 9670.51 8517.15 9376.01 11041.87 7156.96 5769.43 2959.71 5640.34 885.84 1502.46 3212.03 9509.49 7919.28 6624.03 9683.53 2673.16 6830.13 9918.76 8403.78 6820.32 7162.79 5963.49 9597.86 6385.07 8221.58 7042.13 7320.57 9520.19 5992.13 8761.11 8003.79 4427.34 5833.89 2175.38 8816.31 9137.26 7674.88 10143.77 3416.93 7025.51 5625.75 5864.75 6174.81 3766.17 6285.95 6653.07 
4704.64 3036.13 6166.69 6236.69 3385.18 1398.08 7229.50 1509.30 3204.68 7393.38 4008.07 5683.13 6952.56 8180.96 0.00 3001.28 3505.17 2347.78 1382.93 1870.30 9045.12 6231.82 7043.75 3699.03 2915.75 3151.11 4183.01 4784.95 3158.96 1840.42 1092.47 3581.06 6241.43 5400.61 4430.68 7730.47 4114.23 7167.69 1572.81 6061.12 5402.89 6407.17 4992.83 7178.56 4385.33 8176.84 2374.41 7949.65 3229.55 6578.10 4164.17 6092.89 1252.03 7010.48 3195.14 2809.88 4596.59 4602.02 6619.10 8392.82 6098.29 2698.10 5886.42 2891.95 4431.32 3842.48 4123.73 4187.32 9503.83 7926.30 3574.02 7478.37 638.79 7914.30 7318.67 1586.67 9039.20 4977.52 2128.51 2624.15 7885.67 3681.97 7404.83 9105.85 5159.66 4016.27 2584.90 1986.71 4667.19 7665.03 1915.57 4440.76 2066.00 3155.34 2106.99 3724.91 8106.40 7654.21 1209.37 1500.07 3507.04 8590.92 3849.72 5421.57 1845.50 6130.78 2740.57 7372.05 5744.23 2874.36 2469.99 3806.47 6141.01 3376.37 8865.77 6719.31 2654.65 4459.75 1930.99 2502.64 
6110.45 299.42 7524.99 3852.53 6353.52 2466.97 7070.39 4461.24 5849.05 6781.60 1013.16 7276.72 7022.99 9863.04 3001.28 0.00 707.03 4336.39 4113.05 4520.48 10631.31 7911.02 5580.02 2098.80 2241.78 599.60 1559.00 7310.06 2447.58 2670.97 1921.68 6238.28 8240.86 2858.21 1618.46 8392.38 3830.32 8678.54 2378.37 4634.88 3222.08 3996.15 5496.28 8742.82 4845.88 9028.24 859.48 6175.61 2443.79 7255.49 1279.30 6077.73 1765.67 6434.91 5476.41 5755.09 1595.32 3248.27 8528.97 9826.39 7883.46 4738.22 7638.14 1340.13 1772.75 1148.22 1161.74 4901.81 8328.09 6786.35 6072.19 7361.46 3556.07 7406.43 5322.01 4421.28 7472.70 1994.40 5111.72 5200.03 8661.22 4312.24 8996.31 10426.89 6651.08 1545.31 1981.01 4820.95 2192.82 8551.36 4814.20 1779.25 4953.23 6131.94 2717.18 4074.68 6281.36 7116.31 4138.81 4389.52 6508.17 6885.32 4106.76 3596.35 1911.77 6518.34 4066.42 8465.39 3920.30 807.17 2202.35 870.02 6996.19 6369.32 8722.41 6390.55 3696.87 6177.82 3993.06 3210.64 
6817.47 943.52 8230.99 4018.46 6888.15 3135.05 7680.50 4900.21 6477.06 7334.17 675.40 7983.41 7658.72 10570.01 3505.17 707.03 0.00 5013.41 4483.15 5133.37 11338.01 8617.32 5991.39 2665.70 2926.25 1185.62 1807.11 7963.74 3118.23 3366.15 2413.43 6866.78 8939.46 3000.87 1692.71 9067.78 4486.22 9385.29 3059.38 5083.88 3512.66 4142.47 6181.26 9449.81 5535.12 9712.85 1147.47 6489.39 3107.56 7937.72 659.05 6715.87 2326.25 6998.42 6144.64 6170.59 1248.20 3776.41 9231.24 10531.52 8588.04 5417.27 8343.09 2009.25 1068.32 441.38 670.21 5601.05 8755.32 7244.13 6722.55 7973.32 4006.79 7966.03 5587.46 4811.40 7819.38 1740.25 5633.48 5832.65 9342.71 5013.31 9703.33 11128.84 7358.03 1891.54 2681.34 5401.94 2438.31 9239.51 5376.72 1961.44 5350.10 6659.94 3420.91 4768.03 6577.59 7675.25 4573.93 4951.19 6995.14 7204.30 4795.17 3986.47 2605.80 7186.52 4769.30 9163.09 4293.96 1480.88 2907.37 961.42 7688.98 6879.33 9318.36 6988.76 4402.55 6880.81 4658.45 3917.41 
2374.80 4207.97 3823.08 6259.79 3029.34 1880.57 5406.82 2797.39 1787.28 5834.70 5280.32 3338.47 5023.72 5865.64 2347.78 4336.39 5013.41 0.00 3205.57 1096.11 6717.31 3901.40 6141.71 3762.62 2800.18 4148.56 4839.49 3020.29 2879.58 1706.17 2975.15 2133.35 4011.30 5715.71 5218.02 5506.19 2956.18 4823.53 1958.09 5274.08 5375.29 6434.55 3027.50 4839.06 2565.23 5890.35 4096.66 7204.83 2958.36 4390.07 5615.24 4294.32 2856.65 5465.54 1155.13 3605.89 5765.80 4108.55 4355.31 6047.35 3788.74 405.91 3566.45 3444.90 6070.36 5435.65 5472.87 2237.48 8172.57 6683.46 1825.61 5613.56 2586.89 6246.80 6834.83 3153.86 8033.45 5985.83 2330.96 1205.45 5623.76 1951.98 5069.70 6758.09 2813.49 4594.43 2730.04 1586.42 5066.12 5379.10 1786.35 5067.56 3313.32 2918.91 1767.06 2211.01 7391.07 6025.56 2746.67 1670.98 3548.69 7732.70 2359.59 5085.64 2438.55 4101.38 871.38 5049.00 5340.89 3777.43 2464.79 4873.52 3908.21 3251.70 6938.20 5045.48 1177.39 2116.90 421.17 1545.65 
5546.30 4211.78 6938.23 7576.89 2838.41 2768.83 8443.01 656.34 3327.82 8684.96 5072.56 6367.87 8122.17 8707.81 1382.93 4113.05 4483.15 3205.57 0.00 2302.88 9597.98 6840.66 8420.94 5069.03 4298.60 4377.07 5449.42 4867.82 4540.58 3185.24 2239.81 3633.95 6658.13 6706.49 5653.23 8711.66 5439.74 7821.29 2948.28 7440.68 6758.37 7744.98 6128.27 7804.62 5565.56 9079.06 3344.48 9332.48 4611.72 7592.28 5126.50 7305.74 2501.75 8302.63 3686.44 1712.73 5675.20 5984.80 7074.24 9041.71 6654.95 3451.41 6474.07 4231.15 5256.31 4740.43 5143.59 5315.13 10847.91 9276.89 3810.68 8677.59 766.14 9181.28 8697.23 352.26 10414.97 6104.99 1715.19 2938.38 8823.51 4870.07 8007.84 9788.23 5928.59 5306.34 3966.55 2087.41 5973.47 8569.59 1892.17 5705.24 881.13 2596.22 3450.58 4971.39 9489.31 8930.17 487.48 1675.32 2701.02 9972.32 5105.94 6799.89 3224.11 7246.86 3828.65 8206.20 7123.99 4145.41 3852.08 4967.93 7113.78 2694.64 10045.13 7976.48 3843.70 5168.94 2849.89 3787.49 
3278.66 4461.75 4640.35 7014.19 2094.37 2141.44 6499.50 1793.76 1358.71 6927.01 5522.04 4065.11 6107.35 6443.71 1870.30 4520.48 5133.37 1096.11 2302.88 0.00 7326.79 4547.36 7143.94 4435.34 3475.97 4476.13 5333.42 2920.81 3620.15 2216.97 2812.49 1745.73 4436.59 6360.56 5670.24 6485.96 3960.58 5522.70 2292.95 6241.28 6129.99 7190.23 4116.76 5510.37 3660.71 6809.28 4078.38 8182.13 3701.66 5402.86 5776.93 5389.83 2817.41 6556.24 1401.81 2509.80 6065.89 4974.58 4834.93 6745.56 4373.94 1207.41 4184.15 3915.98 6139.61 5520.09 5682.18 3332.42 9251.99 7747.83 1703.75 6702.53 1842.88 7342.86 7745.66 2179.25 9067.31 6362.13 1237.29 753.86 6571.48 3034.81 5718.84 7488.35 3634.10 5111.01 3300.77 506.02 5665.12 6303.16 691.62 5579.89 2259.50 1939.66 2389.55 3266.47 8363.15 7120.91 1817.79 639.00 2531.29 8737.46 3414.97 5929.77 2786.87 5172.78 1934.88 5917.23 6209.45 4126.43 3064.52 5197.51 4898.72 2260.72 8015.86 6141.09 2155.41 2868.55 949.23 2385.42 
4531.84 10414.04 3113.95 10637.79 7579.46 8425.84 5722.09 9009.20 6350.75 6805.55 11387.62 3402.38 5235.07 897.89 9045.12 10631.31 11338.01 6717.31 9597.98 7326.79 0.00 2815.93 8771.78 9131.98 8483.20 10240.25 10457.99 5089.00 8356.78 8060.30 9655.89 6140.43 2994.80 10686.90 10879.76 3462.28 7223.43 1952.98 8428.09 8596.13 9971.65 10766.40 5436.15 1899.07 5975.27 2762.33 10638.27 9751.89 8395.61 4006.07 11829.99 5736.81 9487.68 6739.98 5925.17 9080.82 11709.05 8587.97 2555.83 921.69 2955.02 6348.85 3159.15 9396.39 12396.69 11779.37 11619.28 5802.25 8693.97 8150.71 5835.38 5577.71 9161.06 6551.27 10095.15 9410.70 9601.18 11731.06 8054.04 6659.86 3086.96 6361.41 1654.59 990.14 4000.73 10200.29 8670.33 7516.08 10334.49 2877.49 7723.43 10595.06 9300.99 7714.72 7950.03 6664.16 9939.07 6622.07 9111.32 7929.75 8209.06 9804.86 6679.53 9320.63 8795.53 4886.96 6637.85 2526.89 9349.71 9889.29 8433.13 10872.43 3948.19 7916.47 5633.91 6218.73 6962.41 4605.51 7138.40 7429.56 
1822.19 7711.76 888.12 8442.34 5115.79 5634.38 4512.99 6277.05 3707.68 5502.96 8722.21 644.09 3947.45 1974.95 6231.82 7911.02 8617.32 3901.40 6840.66 4547.36 2815.93 0.00 7044.73 6591.21 5843.14 7561.88 7900.81 2799.96 5753.12 5290.46 6847.35 3575.64 974.83 8314.71 8321.59 2955.98 4799.64 995.05 5647.70 6609.74 7679.18 8590.98 3172.40 964.04 3542.74 2834.60 7861.75 8132.69 5802.62 2541.74 9141.65 3990.75 6688.14 5292.69 3154.26 6503.90 9091.08 6244.98 863.34 2202.03 312.60 3534.23 373.62 6731.67 9683.50 9057.35 8946.53 3271.13 7813.73 6814.89 3187.66 4513.91 6367.46 5513.60 8240.88 6677.15 8351.82 9167.35 5378.52 3919.41 2802.48 3761.47 1175.09 2957.60 1280.19 7639.32 5986.58 4780.44 7866.52 2448.17 4996.82 8065.40 6619.32 5205.75 5201.57 4110.60 8332.12 5459.06 6353.22 5165.53 5776.55 8370.00 4159.75 7099.53 6038.61 3160.84 3865.06 1854.43 7199.98 7200.13 5736.02 8227.11 2123.22 5457.69 5265.43 4714.71 4215.55 1792.76 4322.47 4701.17 
5662.79 5288.18 6205.99 2598.61 9171.02 5652.35 3152.48 8368.26 7813.11 2170.44 5513.28 6518.96 3560.17 8380.68 7043.75 5580.02 5991.39 6141.71 8420.94 7143.94 8771.78 7044.73 0.00 3596.90 4146.55 4986.06 4202.87 8453.83 3891.22 5258.47 6504.59 8077.08 7902.62 3334.43 4441.77 5405.05 3187.95 7198.34 5472.79 993.41 2575.29 2627.75 3978.05 7346.93 3926.59 6174.99 6292.82 1117.11 3824.99 4798.55 5996.45 3095.93 6176.26 2089.30 6925.75 9513.87 5361.72 2486.95 7906.94 7852.22 7237.78 6291.92 7025.18 4532.73 6620.42 6286.91 5722.56 4325.96 2765.21 1340.08 7629.95 3379.86 7657.38 2717.25 1363.58 8574.70 1996.93 5021.60 8336.15 7325.17 5787.62 4282.78 7573.41 8086.84 6025.88 4100.12 4506.26 7648.33 3615.46 5921.22 7806.57 4105.90 8962.86 9054.48 5000.91 3954.70 1316.96 2486.51 8148.02 7533.29 9670.59 1593.53 3810.15 2005.45 5249.94 3964.73 5273.96 6254.98 1710.40 4924.35 4579.81 5043.99 5010.64 9385.04 4239.72 2559.55 4992.19 6233.52 6194.71 4797.94 
4779.46 1799.75 6037.26 2596.94 6516.77 2431.64 5019.98 5163.60 5534.74 4684.14 2427.16 5948.36 5024.35 8447.17 3699.03 2098.80 2665.70 3762.62 5069.03 4435.34 9131.98 6591.21 3596.90 0.00 968.10 1506.87 1326.18 6719.12 904.05 2222.33 2971.79 5892.96 7121.45 1953.14 1747.79 6535.37 1952.42 7211.52 2247.21 2615.19 1727.13 2772.30 3746.72 7304.11 3160.00 7223.64 2717.86 4352.14 833.90 5451.42 2927.35 4089.90 2651.59 4340.70 4871.84 6424.79 2616.42 1160.71 7326.94 8268.12 6635.43 4092.36 6384.95 937.28 3566.84 3056.68 2669.72 3343.74 6296.62 4731.31 5577.79 5313.49 4337.51 5311.15 3639.86 5285.06 5561.68 2599.08 5429.45 4909.31 6838.43 2830.26 7561.74 8791.03 5314.21 1070.19 1162.17 4883.97 1329.82 6777.42 4973.10 1474.49 5745.78 6339.96 2051.26 2486.18 4490.21 5020.70 4891.31 4603.01 6866.45 5033.74 2455.83 1749.90 1859.24 4640.51 3116.09 6787.86 2082.27 1354.24 1373.92 1880.26 5284.95 6640.61 6652.81 4324.08 2700.26 5041.95 3588.97 2235.16 
4021.04 1982.74 5369.43 3539.86 5563.56 1557.75 4941.31 4319.20 4567.69 4816.20 2905.07 5199.63 4836.68 7752.81 2915.75 2241.78 2926.25 2800.18 4298.60 3475.97 8483.20 5843.14 4146.55 968.10 0.00 1771.20 2112.05 5777.29 270.53 1276.26 2394.09 4927.64 6299.81 2918.95 2520.59 6151.37 1630.55 6538.43 1371.14 3156.90 2657.85 3715.87 3255.62 6616.58 2609.24 6787.64 2574.36 5033.90 323.99 5013.95 3358.25 3892.52 2066.01 4444.93 3920.84 5548.81 3247.94 1686.32 6535.54 7650.75 5857.56 3139.16 5607.44 923.55 3951.71 3361.13 3138.55 2695.33 6708.50 5122.04 4620.47 5225.52 3543.29 5407.77 4426.97 4480.34 6143.28 3348.24 4503.57 3941.24 6419.59 2122.22 6873.24 8224.36 4564.00 1853.68 377.81 3933.07 2268.40 6313.27 4031.71 2315.81 4910.42 5391.98 1087.06 1847.54 5191.27 5124.87 4067.73 3674.48 5932.39 5678.26 1869.19 2540.08 1104.50 4282.75 2196.15 6245.84 2851.60 1445.39 453.00 2391.25 4764.78 5697.50 6613.52 4301.09 1779.45 4208.68 2620.95 1292.83 
5745.97 302.57 7126.83 3356.59 6410.88 2346.88 6503.18 4652.46 5762.52 6190.94 1163.20 6921.62 6473.96 9494.23 3151.11 599.60 1185.62 4148.56 4377.07 4476.13 10240.25 7561.88 4986.06 1506.87 1771.20 0.00 1092.55 7161.03 1944.78 2444.35 2137.74 6147.93 7949.76 2394.38 1281.63 7890.20 3302.24 8291.13 2220.49 4036.94 2673.07 3509.10 5014.64 8363.73 4375.74 8543.18 1357.27 5603.84 1929.19 6766.39 1590.26 5530.69 1903.47 5847.16 5302.66 5955.09 1617.64 2650.67 8216.07 9416.14 7554.29 4539.78 7306.13 847.98 2181.91 1606.20 1384.65 4465.00 7730.80 6187.14 5937.61 6795.38 3751.81 6817.89 4769.41 4661.85 6890.02 1886.73 5197.79 5110.17 8169.95 3886.27 8619.32 9995.12 6289.40 1012.79 1575.70 4826.38 1688.71 8074.52 4847.78 1341.08 5180.14 6199.84 2434.24 3618.61 5714.97 6527.48 4339.31 4430.37 6624.12 6310.78 3636.20 3010.44 1721.90 6005.50 3769.88 8016.69 3337.44 373.10 1827.48 727.95 6532.80 6458.38 8148.03 5816.60 3377.17 5866.93 3843.00 2877.02 
6083.19 1330.30 7361.26 2293.54 7343.29 3198.76 6172.36 5691.93 6551.67 5693.88 1319.14 7257.04 6237.12 9769.41 4183.01 1559.00 1807.11 4839.49 5449.42 5333.42 10457.99 7900.81 4202.87 1326.18 2112.05 1092.55 0.00 7851.47 2154.88 3163.73 3211.14 6927.36 8399.89 1307.45 422.20 7818.25 3266.95 8535.65 3040.77 3328.60 1707.48 2438.31 5066.95 8626.71 4485.99 8520.32 2405.46 4684.33 2100.61 6754.58 1817.43 5322.06 2954.85 5383.63 5985.32 6992.81 1333.04 2178.40 8621.30 9594.06 7934.87 5204.33 7684.27 1418.78 2459.40 2084.06 1542.05 4666.10 6967.89 5481.24 6663.37 6466.43 4799.99 6332.97 3795.15 5724.32 6012.27 1273.27 6164.17 5905.38 8131.24 4140.50 8884.34 10112.84 6621.53 261.76 2110.16 5727.41 641.69 8082.79 5774.27 257.76 6234.54 7143.01 3072.44 3806.07 4776.23 6043.65 5385.47 5368.78 7603.50 5398.87 3780.37 2199.49 2552.24 5926.33 4303.43 8108.13 2496.48 1309.78 2377.51 847.07 6604.58 7417.49 7754.14 5457.04 3888.06 6311.20 4593.96 3393.55 
2924.90 7204.15 3426.63 9098.57 2496.85 4844.92 6666.24 4222.01 1588.47 7466.21 8278.41 2728.71 6133.17 4201.49 4784.95 7310.06 7963.74 3020.29 4867.82 2920.81 5089.00 2799.96 8453.83 6719.12 5777.29 7161.03 7851.47 0.00 5817.32 4724.63 5719.73 1239.24 2133.01 8659.08 8235.16 5634.00 5486.16 3721.75 4949.04 7747.99 8230.78 9268.84 4572.22 3629.24 4527.39 5619.09 6960.47 9568.63 5891.34 4906.80 8587.16 5801.66 5691.79 7164.49 1867.20 4036.48 8778.55 6858.86 2574.34 4784.53 2501.57 2647.15 2467.36 6464.43 8999.58 8370.32 8461.82 4129.03 9891.18 8622.45 1242.65 6758.59 4650.10 7662.42 9400.22 4608.63 10120.89 9006.05 3176.48 2171.76 5543.62 4273.00 3742.65 5555.17 2800.26 7602.87 5741.73 2860.45 8042.37 5198.52 3011.60 8074.50 4381.01 2648.37 4782.66 4651.52 9766.81 7529.50 4409.86 3351.47 3120.08 9972.99 4774.04 7832.92 5441.97 5177.45 3609.71 4632.08 8039.11 6791.65 5473.97 7887.85 4373.39 2830.64 7775.97 6617.95 4021.87 2282.62 3322.47 4486.83 
3932.67 2177.04 5246.24 3400.85 5713.60 1783.58 4689.25 4540.62 4661.42 4548.49 3049.64 5109.03 4597.80 7642.50 3158.96 2447.58 3118.23 2879.58 4540.58 3620.15 8356.78 5753.12 3891.22 904.05 270.53 1944.78 2154.88 5817.32 0.00 1458.00 2663.20 5012.90 6246.60 2845.13 2572.91 5949.60 1391.39 6418.88 1598.84 2904.23 2514.83 3576.70 3070.35 6502.55 2436.37 6598.46 2824.20 4794.86 81.51 4821.86 3517.68 3652.40 2335.43 4178.11 3974.89 5755.37 3353.60 1449.39 6466.62 7513.00 5781.36 3197.82 5530.79 1109.87 4124.92 3547.82 3287.34 2555.73 6440.29 4853.79 4685.20 4974.95 3781.66 5142.26 4212.85 4713.61 5888.14 3415.11 4683.20 4046.71 6225.91 2002.18 6759.86 8071.33 4472.99 1893.23 648.34 4089.38 2233.37 6130.17 4198.78 2338.17 5133.68 5549.07 1239.91 1696.12 4955.41 4858.72 4296.55 3854.25 6102.87 5431.96 1699.60 2339.28 1366.80 4071.20 2212.23 6083.31 2641.73 1642.30 689.43 2521.60 4593.12 5859.62 6359.60 4042.50 1796.78 4160.04 2735.94 1339.76 
3531.83 2518.39 4993.73 4812.49 4294.44 484.75 5455.56 3112.84 3388.19 5562.13 3585.29 4668.62 5224.83 7259.51 1840.42 2670.97 3366.15 1706.17 3185.24 2216.97 8060.30 5290.46 5258.47 2222.33 1276.26 2444.35 3163.73 4724.63 1458.00 0.00 1764.34 3763.74 5573.89 4144.24 3528.61 6215.16 2274.67 6112.81 391.99 4291.94 3932.56 4988.38 3345.50 6161.62 2696.11 6753.11 2578.08 6214.39 1537.96 5047.20 3941.88 4328.80 1508.54 5179.50 2861.26 4303.04 4060.67 2890.46 5872.11 7298.84 5241.09 2095.43 4999.54 1751.92 4433.35 3799.76 3784.96 2588.76 7667.10 6092.85 3513.51 5716.15 2419.23 6095.70 5666.83 3318.91 7245.49 4282.57 3228.97 2743.51 6422.46 2015.28 6409.89 7947.42 4059.58 2928.00 1085.65 2661.77 3454.41 6250.32 2755.87 3401.19 3707.70 4118.88 266.67 1963.99 6381.58 5830.74 2890.06 2399.71 4656.14 6829.01 2071.96 3797.24 760.36 4478.30 1425.68 6060.00 4098.62 2072.40 848.74 3167.99 4680.73 4422.37 7113.94 4911.09 1114.33 3527.17 1430.67 745.45 
5176.20 1984.82 6654.23 5378.47 4474.95 1300.29 7158.90 2541.62 4171.18 7161.15 2921.67 6255.15 6961.15 8820.58 1092.47 1921.68 2413.43 2975.15 2239.81 2812.49 9655.89 6847.35 6504.59 2971.79 2394.09 2137.74 3211.14 5719.73 2663.20 1764.34 0.00 4557.49 6983.45 4479.63 3416.12 7976.27 3876.92 7730.58 1376.21 5511.19 4591.10 5542.82 5108.84 7762.26 4456.43 8500.83 1291.62 7319.29 2716.64 6808.46 3072.29 6047.57 329.08 6783.09 4000.21 3839.47 3514.52 4018.00 7330.41 8940.10 6753.77 3371.51 6525.32 2066.79 3358.62 2758.88 3032.30 4351.23 9102.22 7515.86 4483.08 7428.35 1635.95 7729.45 6603.79 2525.98 8494.35 3910.73 3220.16 3549.97 8176.86 3779.56 8001.78 9617.43 5678.95 3075.78 2018.81 3020.85 3749.22 7995.02 2977.38 3466.37 3049.17 4246.51 1984.10 3708.89 7460.60 7453.75 2221.07 2553.56 4594.54 7992.35 3805.28 4721.13 1318.08 6239.08 3073.01 7776.79 5054.00 1912.75 2016.26 2750.76 6430.34 4468.67 8828.64 6574.77 2842.51 5054.71 2564.65 2509.10 
3021.70 6159.75 3983.61 8387.97 1560.96 3802.28 6741.42 2992.65 389.72 7401.10 7229.22 3295.51 6254.19 5242.76 3581.06 6238.28 6866.78 2133.35 3633.95 1745.73 6140.43 3575.64 8077.08 5892.96 4927.64 6147.93 6927.36 1239.24 5012.90 3763.74 4557.49 0.00 3146.16 7845.94 7289.89 6117.72 4951.50 4562.88 3929.55 7275.91 7504.77 8562.26 4444.48 4503.18 4221.16 6247.37 5823.18 9172.30 5091.70 5211.54 7504.72 5747.29 4559.68 7063.80 1151.50 2948.53 7756.21 6209.10 3584.81 5720.61 3320.85 1847.65 3205.81 5514.27 7881.65 7259.51 7398.84 3825.19 9819.55 8434.51 495.15 6883.06 3415.48 7694.20 8884.81 3383.85 9874.37 8022.65 1960.82 1039.45 6100.55 3794.89 4662.01 6492.15 3120.95 6689.77 4830.91 1627.03 7187.41 5779.20 1772.60 7163.35 3190.79 1631.51 3870.04 4137.05 9365.03 7521.02 3172.32 2121.28 2226.13 9646.37 4276.87 7190.12 4429.97 5274.66 2899.34 5274.37 7431.25 5786.71 4571.82 6875.09 4666.96 1898.70 8046.03 6560.08 3275.28 2395.43 2333.47 3677.81 
2393.62 8068.42 1852.40 9140.62 4598.59 5855.53 5473.06 6051.11 3368.31 6445.28 9112.15 1384.61 4907.85 2097.67 6241.43 8240.86 8939.46 4011.30 6658.13 4436.59 2994.80 974.83 7902.62 7121.45 6299.81 7949.76 8399.89 2133.01 6246.60 5573.89 6983.45 3146.16 0.00 8930.02 8815.08 3904.41 5446.76 1663.98 5899.19 7405.22 8342.67 9296.03 3957.95 1544.35 4228.48 3707.44 8092.28 9003.15 6304.61 3510.40 9501.38 4893.44 6866.19 6220.19 3050.31 6086.57 9525.50 6904.58 443.74 2653.31 696.89 3612.07 880.01 7146.52 10007.09 9373.65 9326.19 3905.19 8776.52 7741.90 2859.58 5482.29 6278.90 6477.22 9055.76 6451.74 9279.54 9647.97 5072.41 3729.31 3722.27 4316.93 1623.45 3422.75 1917.49 8138.60 6392.03 4570.80 8429.98 3366.00 4769.40 8583.65 6317.48 4725.70 5529.27 4691.51 9203.47 6414.53 6174.97 5009.60 5238.86 9271.67 4764.38 7802.93 6334.12 4088.23 4182.08 2755.75 7931.07 7579.75 6129.63 8643.39 3071.39 4938.12 6234.72 5642.37 4573.21 2091.40 4418.79 5074.97 
6546.18 2637.64 7668.93 1017.65 8424.44 4283.35 5839.22 6906.65 7486.62 5162.83 2391.33 7682.30 6020.27 10075.56 5400.61 2858.21 3000.87 5715.71 6706.49 6360.56 10686.90 8314.71 3334.43 1953.14 2918.95 2394.38 1307.45 8659.08 2845.13 4144.24 4479.63 7845.94 8930.02 0.00 1308.19 7753.06 3516.16 8827.73 4108.28 2650.71 818.81 1145.69 5256.53 8938.37 4779.13 8497.62 3710.51 3586.62 2769.46 6793.14 2812.54 5183.33 4204.77 4911.67 6820.01 8199.31 2092.78 2099.25 9096.45 9789.14 8395.31 6042.30 8147.41 2523.48 3388.36 3182.09 2555.28 5047.60 6041.87 4670.85 7528.99 6124.63 6030.07 5793.85 2635.91 6967.23 4947.36 1699.12 7293.33 6858.28 8098.35 4615.46 9193.50 10228.68 7061.01 1404.58 3059.84 6792.43 733.83 8107.27 6865.11 1079.24 7465.14 8237.91 3993.24 4238.52 3647.80 5516.31 6609.77 6477.34 8736.71 4297.02 4169.07 1530.55 3655.76 5916.42 5049.79 8230.65 1698.82 2567.21 3300.07 2065.50 6747.13 8528.40 7292.21 5118.74 4637.30 6883.69 5536.37 4184.01 
6503.31 1451.67 7783.44 2325.81 7653.48 3529.20 6541.70 5933.73 6911.11 6026.41 1098.71 7677.73 6622.97 10191.58 4430.68 1618.46 1692.71 5218.02 5653.23 5670.24 10879.76 8321.59 4441.77 1747.79 2520.59 1281.63 422.20 8235.16 2572.91 3528.61 3416.12 7289.89 8815.08 1308.19 0.00 8223.23 3684.21 8957.83 3379.54 3611.09 1884.31 2450.59 5485.24 9048.90 4907.11 8929.54 2477.32 4838.78 2520.05 7166.52 1558.87 5714.81 3184.88 5726.44 6368.03 7236.39 962.94 2551.95 9039.45 10015.04 8354.02 5588.81 8103.43 1776.72 2178.83 1891.42 1288.13 5088.29 7199.22 5744.78 7038.34 6835.25 5033.43 6666.12 3914.39 5941.72 6186.01 851.30 6456.38 6262.11 8539.30 4561.82 9306.53 10531.30 7042.09 682.62 2495.78 6049.06 828.30 8495.08 6085.36 350.04 6461.34 7447.96 3452.54 4228.21 4915.69 6378.23 5620.92 5673.87 7889.50 5553.59 4202.49 2459.70 2883.37 6333.32 4705.20 8526.02 2732.45 1572.82 2764.86 772.80 7022.37 7714.62 8105.72 5823.22 4291.15 6725.38 4958.72 3793.82 
3225.14 8126.36 2207.68 7517.26 7668.48 6677.17 2281.85 8273.02 6118.79 3358.04 8948.26 2906.37 1849.19 3297.97 7730.47 8392.38 9067.78 5506.19 8711.66 6485.96 3462.28 2955.98 5405.05 6535.37 6151.37 7890.20 7818.25 5634.00 5949.60 6215.16 7976.27 6117.72 3904.41 7753.06 8223.23 0.00 4599.44 2427.69 6606.59 5380.90 6971.63 7624.47 2913.32 2594.66 3576.06 772.41 8643.75 6331.95 5961.31 1167.97 9437.15 2571.65 7721.64 3328.96 5304.00 8836.35 9142.32 5721.63 3639.76 2578.83 3266.30 5283.84 3213.76 7059.16 10060.72 9495.88 9190.48 3626.58 5283.01 4694.07 5646.94 2118.44 8073.99 3090.95 6757.33 8645.77 6139.46 9052.55 7586.20 6080.14 384.27 4209.35 2720.38 2690.36 3000.95 7580.26 6441.25 6872.26 7548.00 626.83 7098.83 7898.72 8739.21 7700.97 6015.88 4356.39 6513.97 3161.20 8248.97 7119.23 8329.62 6350.08 4301.85 6273.34 6820.31 1894.86 4992.48 1208.26 6233.33 7590.49 6265.33 8403.72 1598.46 7997.88 2386.49 2853.48 5145.30 3761.34 5875.57 5475.81 
3053.30 3552.27 4163.46 3705.41 5984.60 2738.72 3319.44 5291.96 4662.75 3297.99 4349.47 4169.94 3207.18 6576.14 4114.23 3830.32 4486.22 2956.18 5439.74 3960.58 7223.43 4799.64 3187.95 1952.42 1630.55 3302.24 3266.95 5486.16 1391.39 2274.67 3876.92 4951.50 5446.76 3516.16 3684.21 4599.44 0.00 5330.51 2587.45 2328.37 2895.96 3865.94 1802.01 5434.95 1264.85 5275.72 4204.37 4249.91 1387.54 3500.98 4837.74 2262.35 3563.40 2916.76 3809.93 6372.81 4568.80 1457.85 5590.97 6344.93 4888.33 3128.70 4642.20 2490.30 5463.09 4907.75 4591.51 1542.61 5412.54 3853.77 4531.20 3600.69 4677.10 3853.74 3938.51 5542.75 5110.92 4531.77 5165.88 4147.78 4893.41 1215.79 5691.39 6847.61 3554.58 3017.14 1977.92 4466.03 3111.78 4825.67 4630.52 3383.28 5880.28 5866.54 2008.75 834.72 4437.51 3580.43 5106.67 4378.05 6483.75 4780.78 716.52 2383.59 2565.65 2707.80 2092.77 4841.88 2560.94 3023.17 1885.54 3805.86 3338.21 6197.12 4993.99 2702.79 1805.82 3460.15 3012.20 1670.29 
2581.57 8462.34 1174.40 8851.43 6094.03 6486.55 4375.21 7264.73 4702.07 5433.53 9441.13 1485.07 3825.87 1247.95 7167.69 8678.54 9385.29 4823.53 7821.29 5522.70 1952.98 995.05 7198.34 7211.52 6538.43 8291.13 8535.65 3721.75 6418.88 6112.81 7730.58 4562.88 1663.98 8827.73 8957.83 2427.69 5330.51 0.00 6483.59 6892.36 8141.40 8989.44 3576.34 168.18 4069.76 2087.67 8690.80 8244.55 6460.14 2431.68 9880.28 4102.98 7552.69 5285.76 4137.22 7496.83 9772.48 6731.36 1296.77 1226.68 1244.92 4472.38 1368.66 7448.63 10444.56 9826.65 9671.72 3870.44 7604.66 6782.88 4181.74 4311.34 7330.41 5328.53 8467.64 7664.18 8300.12 9808.75 6373.07 4908.63 2172.42 4418.90 377.37 1967.81 2056.31 8276.44 6719.60 5769.20 8439.67 1825.97 5986.88 8681.01 7613.03 6190.48 5998.63 4732.18 8439.89 5326.58 7334.16 6146.08 6751.98 8399.49 4755.69 7516.80 6844.79 3233.67 4693.35 1219.65 7576.87 7938.66 6481.09 8929.24 2198.16 6436.20 4813.78 4721.81 5011.58 2707.95 5243.93 5476.84 
3904.86 2255.76 5371.92 4841.30 4321.21 186.96 5814.62 2948.13 3545.63 5884.88 3329.91 5031.20 5597.07 7619.92 1572.81 2378.37 3059.38 1958.09 2948.28 2292.95 8428.09 5647.70 5472.79 2247.21 1371.14 2220.49 3040.77 4949.04 1598.84 391.99 1376.21 3929.55 5899.19 4108.28 3379.54 6606.59 2587.45 6483.59 0.00 4492.81 3974.27 5016.05 3732.69 6529.03 3080.51 7144.93 2214.05 6393.40 1672.90 5438.63 3657.14 4693.17 1116.55 5503.15 3102.04 4186.07 3834.66 3048.01 6208.93 7674.87 5588.63 2359.97 5349.47 1624.84 4121.15 3486.14 3517.57 2980.04 7942.75 6361.83 3719.86 6078.75 2185.95 6430.68 5797.95 3114.81 7467.44 4093.52 3190.90 2893.73 6814.45 2404.28 6775.77 8328.82 4428.18 2821.16 1086.09 2694.19 3396.27 6641.94 2757.64 3288.25 3539.32 4130.78 612.52 2338.43 6554.25 6161.82 2698.37 2370.13 4632.64 7026.22 2440.41 3908.62 500.54 4863.17 1790.42 6448.38 4222.30 1857.26 918.22 2948.38 5072.58 4420.16 7478.06 5255.08 1500.43 3873.27 1626.71 1133.49 
5074.88 4339.50 5820.51 2163.40 8295.47 4674.00 3278.56 7404.73 6990.91 2516.43 4647.72 6038.73 3555.06 8115.23 6061.12 4634.88 5083.88 5274.08 7440.68 6241.28 8596.13 6609.74 993.41 2615.19 3156.90 4036.94 3328.60 7747.99 2904.23 4291.94 5511.19 7275.91 7405.22 2650.71 3611.09 5380.90 2328.37 6892.36 4492.81 0.00 1836.92 2254.85 3449.05 7029.22 3256.05 6150.01 5323.63 1941.73 2836.52 4591.28 5143.32 2865.35 5182.85 2287.99 6130.26 8570.03 4559.70 1493.79 7460.01 7675.63 6769.79 5457.05 6542.13 3548.14 5780.02 5403.35 4867.83 3640.20 3694.40 2160.26 6847.35 3550.49 6678.69 3144.18 1664.65 7601.56 2987.47 4271.87 7413.85 6471.98 5751.02 3497.13 7269.64 8000.04 5493.61 3197.62 3514.39 6742.38 2785.70 5826.65 6891.49 3264.74 7999.59 8167.79 4038.27 3140.37 2121.94 2868.89 7177.53 6601.95 8772.51 2537.14 3003.65 1158.74 4259.15 3709.57 4417.65 6071.72 954.37 3954.33 3593.55 4153.57 4698.71 8495.42 4650.71 2580.48 4106.03 5596.04 5293.89 3870.34 
5949.26 2957.38 6995.59 886.19 8220.43 4158.76 5025.37 6882.11 7162.28 4345.35 2975.80 7056.55 5218.95 9388.57 5402.89 3222.08 3512.66 5375.29 6758.37 6129.99 9971.65 7679.18 2575.29 1727.13 2657.85 2673.07 1707.48 8230.78 2514.83 3932.56 4591.10 7504.77 8342.67 818.81 1884.31 6971.63 2895.96 8141.40 3974.27 1836.92 0.00 1061.93 4565.48 8258.59 4137.32 7722.56 4030.33 2976.99 2433.70 6039.98 3443.02 4399.99 4287.56 4092.88 6430.59 8149.56 2787.25 1438.43 8482.49 9066.31 7779.44 5668.04 7534.61 2532.08 4055.86 3763.68 3172.33 4438.30 5320.80 3899.10 7152.09 5309.67 6041.44 4977.48 2099.94 6989.04 4310.60 2454.47 7152.53 6556.52 7322.39 4061.72 8511.50 9481.76 6447.40 1676.79 2888.72 6590.79 1076.41 7344.21 6688.36 1564.46 7460.30 8049.82 3741.06 3675.58 3069.73 4699.01 6603.84 6324.79 8586.55 3691.73 3587.25 714.42 3577.14 5156.84 4637.25 7492.73 892.18 2738.60 3089.61 2551.25 6024.04 8354.87 6473.71 4306.12 4239.14 6336.31 5250.27 3830.05 
