0.00 10819.01 6397.13 4360.73 7646.28 7929.35 7954.38 4690.69 5443.22 6802.03 3561.14 8772.29 2849.63 7908.13 6758.52 7104.82 7235.38 8200.57 2473.38 2321.10 
10819.01 0.00 6253.08 7693.55 3824.39 4136.89 5782.00 6542.77 8845.86 4021.70 10109.16 3045.56 8554.70 6673.53 7307.53 4416.05 5507.80 9578.88 8669.60 9062.87 
6397.13 6253.08 0.00 2080.41 2450.54 2173.75 1558.99 4880.18 2600.64 3385.48 4221.34 6107.10 3549.77 1746.77 7778.78 1914.28 6666.64 3913.33 5461.72 5909.69 
4360.73 7693.55 2080.41 0.00 3953.70 3971.60 3617.40 4116.31 1941.39 4022.76 2415.61 6745.90 1521.68 3556.24 7175.72 3344.52 6519.66 4526.70 3859.74 4262.92 
7646.28 3824.39 2450.54 3953.70 0.00 724.51 2449.97 4430.77 5026.76 1747.93 6353.18 3956.37 5039.14 3297.23 6708.93 609.59 5204.87 6096.24 5957.17 6410.34 
7929.35 4136.89 2173.75 3971.60 724.51 0.00 1801.08 5039.11 4769.12 2456.59 6305.78 4631.07 5212.66 2681.18 7414.64 898.84 5927.73 5545.39 6409.00 6867.50 
7954.38 5782.00 1558.99 3617.40 2449.97 1801.08 0.00 6101.80 3637.22 3991.42 5576.52 6406.17 5105.58 896.66 8807.25 2228.62 7477.96 3799.64 6952.12 7406.39 
4690.69 6542.77 4880.18 4116.31 4430.77 5039.11 6101.80 0.00 6057.51 2869.63 5767.97 4123.16 3648.69 6594.04 3059.77 4163.52 2698.22 8487.92 2264.26 2587.50 
5443.22 8845.86 2600.64 1941.39 5026.76 4769.12 3637.22 6057.51 0.00 5613.99 2188.84 8393.85 2996.00 3108.30 9117.06 4454.75 8412.89 2798.18 5603.62 5958.78 
6802.03 4021.70 3385.48 4022.76 1747.93 2456.59 3991.42 2869.63 5613.99 0.00 6372.90 2780.71 4608.44 4734.91 4961.09 1763.88 3497.79 7293.00 4748.49 5172.07 
3561.14 10109.16 4221.34 2415.61 6353.18 6305.78 5576.52 5767.97 2188.84 6372.90 0.00 9017.92 2120.01 5199.12 8680.87 5743.76 8413.17 4743.61 4519.38 4747.77 
8772.29 3045.56 6107.10 6745.90 3956.37 4631.07 6406.17 4123.16 8393.85 2780.71 9017.92 0.00 7087.39 7246.57 4272.15 4284.88 2481.91 9970.10 6385.78 6704.50 
2849.63 8554.70 3549.77 1521.68 5039.14 5212.66 5105.58 3648.69 2996.00 4608.44 2120.01 7087.39 0.00 5077.93 6578.30 4455.17 6306.54 5777.20 2631.96 2966.79 
7908.13 6673.53 1746.77 3556.24 3297.23 2681.18 896.66 6594.04 3108.30 4734.91 5199.12 7246.57 5077.93 0.00 9420.21 2998.97 8181.73 2905.53 7181.89 7624.10 
6758.52 7307.53 7778.78 7175.72 6708.93 7414.64 8807.25 3059.77 9117.06 4961.09 8680.87 4272.15 6578.30 9420.21 0.00 6651.44 1801.82 11511.80 4422.71 4450.76 
7104.82 4416.05 1914.28 3344.52 609.59 898.84 2228.62 4163.52 4454.75 1763.88 5743.76 4284.88 4455.17 2998.97 6651.44 0.00 5257.55 5689.70 5516.67 5974.42 
7235.38 5507.80 6666.64 6519.66 5204.87 5927.73 7477.96 2698.22 8412.89 3497.79 8413.17 2481.91 6306.54 8181.73 1801.82 5257.55 0.00 10541.94 4762.71 4958.90 
8200.57 9578.88 3913.33 4526.70 6096.24 5545.39 3799.64 8487.92 2798.18 7293.00 4743.61 9970.10 5777.20 2905.53 11511.80 5689.70 10541.94 0.00 8347.95 8722.72 
2473.38 8669.60 5461.72 3859.74 5957.17 6409.00 6952.12 2264.26 5603.62 4748.49 4519.38 6385.78 2631.96 7181.89 4422.71 5516.67 4762.71 8347.95 0.00 460.28 
2321.10 9062.87 5909.69 4262.92 6410.34 6867.50 7406.39 2587.50 5958.78 5172.07 4747.77 6704.50 2966.79 7624.10 4450.76 5974.42 4958.90 8722.72 460.28 0.00 
